function functionData = LoadFunctionData

functionData = [
-5.00000000   -0.24792013;
-4.95000000   -0.25099221;
-4.90000000   -0.25414020;
-4.85000000   -0.25736691;
-4.80000000   -0.26067528;
-4.75000000   -0.26406840;
-4.70000000   -0.26754950;
-4.65000000   -0.27112198;
-4.60000000   -0.27478942;
-4.55000000   -0.27855559;
-4.50000000   -0.28242444;
-4.45000000   -0.28640013;
-4.40000000   -0.29048707;
-4.35000000   -0.29468988;
-4.30000000   -0.29901344;
-4.25000000   -0.30346291;
-4.20000000   -0.30804374;
-4.15000000   -0.31276168;
-4.10000000   -0.31762282;
-4.05000000   -0.32263359;
-4.00000000   -0.32780083;
-3.95000000   -0.33313176;
-3.90000000   -0.33863405;
-3.85000000   -0.34431584;
-3.80000000   -0.35018578;
-3.75000000   -0.35625304;
-3.70000000   -0.36252741;
-3.65000000   -0.36901928;
-3.60000000   -0.37573974;
-3.55000000   -0.38270059;
-3.50000000   -0.38991445;
-3.45000000   -0.39739477;
-3.40000000   -0.40515594;
-3.35000000   -0.41321333;
-3.30000000   -0.42158339;
-3.25000000   -0.43028377;
-3.20000000   -0.43933334;
-3.15000000   -0.44875239;
-3.10000000   -0.45856266;
-3.05000000   -0.46878751;
-3.00000000   -0.47945205;
-2.95000000   -0.49058329;
-2.90000000   -0.50221027;
-2.85000000   -0.51436425;
-2.80000000   -0.52707888;
-2.75000000   -0.54039040;
-2.70000000   -0.55433783;
-2.65000000   -0.56896315;
-2.60000000   -0.58431153;
-2.55000000   -0.60043152;
-2.50000000   -0.61737523;
-2.45000000   -0.63519849;
-2.40000000   -0.65396093;
-2.35000000   -0.67372604;
-2.30000000   -0.69456109;
-2.25000000   -0.71653686;
-2.20000000   -0.73972715;
-2.15000000   -0.76420796;
-2.10000000   -0.79005618;
-2.05000000   -0.81734757;
-2.00000000   -0.84615385;
-1.95000000   -0.87653837;
-1.90000000   -0.90855010;
-1.85000000   -0.94221495;
-1.80000000   -0.97752374;
-1.75000000   -1.01441538;
-1.70000000   -1.05275375;
-1.65000000   -1.09229601;
-1.60000000   -1.13264979;
-1.55000000   -1.17321608;
-1.50000000   -1.21311475;
-1.45000000   -1.25109017;
-1.40000000   -1.28539700;
-1.35000000   -1.31367218;
-1.30000000   -1.33281012;
-1.25000000   -1.33887734;
-1.20000000   -1.32713026;
-1.15000000   -1.29223058;
-1.10000000   -1.22876964;
-1.05000000   -1.13218142;
-1.00000000   -1.00000000;
-0.95000000   -0.83319056;
-0.90000000   -0.63704054;
-0.85000000   -0.42104111;
-0.80000000   -0.19750520;
-0.75000000   0.02072539;
-0.70000000   0.22263698;
-0.65000000   0.40062499;
-0.60000000   0.55093555;
-0.55000000   0.67315690;
-0.50000000   0.76923077;
-0.45000000   0.84242067;
-0.40000000   0.89648799;
-0.35000000   0.93514751;
-0.30000000   0.96176887;
-0.25000000   0.97925311;
-0.20000000   0.99001664;
-0.15000000   0.99603147;
-0.10000000   0.99888900;
-0.05000000   0.99986842;
0.00000000   1.00000000;
0.05000000   1.00011905;
0.10000000   1.00090900;
0.15000000   1.00293326;
0.20000000   1.00665557;
0.25000000   1.01244813;
0.30000000   1.02058599;
0.35000000   1.03122527;
0.40000000   1.04436229;
0.45000000   1.05977147;
0.50000000   1.07692308;
0.55000000   1.09488993;
0.60000000   1.11226611;
0.65000000   1.12714015;
0.70000000   1.13718171;
0.75000000   1.13989637;
0.80000000   1.13305613;
0.85000000   1.11521955;
0.90000000   1.08616003;
0.95000000   1.04700489;
1.00000000   1.00000000;
1.05000000   0.94799558;
1.10000000   0.89386811;
1.15000000   0.84007694;
1.20000000   0.78844270;
1.25000000   0.74012474;
1.30000000   0.69572042;
1.35000000   0.65541053;
1.40000000   0.61910050;
1.45000000   0.58653446;
1.50000000   0.55737705;
1.55000000   0.53126712;
1.60000000   0.50785005;
1.65000000   0.48679532;
1.70000000   0.46780458;
1.75000000   0.45061399;
1.80000000   0.43499322;
1.85000000   0.42074291;
1.90000000   0.40769135;
1.95000000   0.39569103;
2.00000000   0.38461538;
2.05000000   0.37435575;
2.10000000   0.36481878;
2.15000000   0.35592408;
2.20000000   0.34760232;
2.25000000   0.33979352;
2.30000000   0.33244563;
2.35000000   0.32551339;
2.40000000   0.31895727;
2.45000000   0.31274267;
2.50000000   0.30683919;
2.55000000   0.30122004;
2.60000000   0.29586154;
2.65000000   0.29074269;
2.70000000   0.28584478;
2.75000000   0.28115115;
2.80000000   0.27664685;
2.85000000   0.27231848;
2.90000000   0.26815397;
2.95000000   0.26414243;
3.00000000   0.26027397;
3.05000000   0.25653966;
3.10000000   0.25293132;
3.15000000   0.24944153;
3.20000000   0.24606349;
3.25000000   0.24279095;
3.30000000   0.23961819;
3.35000000   0.23653993;
3.40000000   0.23355131;
3.45000000   0.23064782;
3.50000000   0.22782530;
3.55000000   0.22507989;
3.60000000   0.22240798;
3.65000000   0.21980622;
3.70000000   0.21727149;
3.75000000   0.21480087;
3.80000000   0.21239163;
3.85000000   0.21004121;
3.90000000   0.20774719;
3.95000000   0.20550733;
4.00000000   0.20331950;
4.05000000   0.20118169;
4.10000000   0.19909201;
4.15000000   0.19704868;
4.20000000   0.19505001;
4.25000000   0.19309439;
4.30000000   0.19118031;
4.35000000   0.18930634;
4.40000000   0.18747110;
4.45000000   0.18567331;
4.50000000   0.18391172;
4.55000000   0.18218516;
4.60000000   0.18049251;
4.65000000   0.17883270;
4.70000000   0.17720471;
4.75000000   0.17560757;
4.80000000   0.17404033;
4.85000000   0.17250212;
4.90000000   0.17099207;
4.95000000   0.16950938;
5.00000000   0.16805324;
];